001691 1.0250916481018066
000588 0.9702917337417603
001464 0.9235839247703552
001393 0.8782089948654175
000613 0.8681750297546387
001958 0.8549321889877319
001352 0.8530837893486023
001241 0.8235213756561279
001472 0.7838124632835388
001561 0.7474676370620728
001766 0.7381884455680847
000926 0.737966001033783
000591 0.7240042686462402
000222 0.7176751494407654
000943 0.7072818279266357
001145 0.7006545066833496
001164 0.6958441734313965
001902 0.6736698746681213
001887 0.6711735725402832
001617 0.6698591709136963
000500 0.6606669425964355
001224 0.6507248878479004
001018 0.642236590385437
001711 0.6416707038879395
000555 0.6348748207092285
001248 0.634580135345459
001571 0.6281805634498596
000971 0.6279053688049316
001465 0.6273958683013916
001963 0.6207513809204102
001420 0.6188943386077881
002001 0.6068029403686523
000477 0.6059472560882568
001444 0.5973457098007202
000200 0.5946521759033203
000382 0.5919321775436401
000654 0.5908004641532898
001654 0.5877508521080017
000793 0.5861893892288208
001028 0.5739117860794067
000269 0.5686025619506836
002015 0.5639872550964355
001014 0.5604826211929321
001806 0.5544120669364929
001799 0.5495965480804443
000625 0.5473850965499878
001801 0.5383750200271606
000854 0.533458411693573
001950 0.5319603085517883
001239 0.5266797542572021
000448 0.5241885781288147
001598 0.5228314995765686
001408 0.5221221446990967
001310 0.5195426940917969
001325 0.5159732103347778
001234 0.5149705410003662
000060 0.5142971277236938
000288 0.5134314894676208
000081 0.5082858800888062
000717 0.5047435760498047
000906 0.504443347454071
001015 0.4998483955860138
001944 0.49592143297195435
000688 0.4959058165550232
001106 0.49301877617836
000601 0.4905818700790405
001129 0.49025923013687134
000492 0.4892135262489319
001445 0.48833155632019043
000700 0.487446129322052
001212 0.48556026816368103
001683 0.48542535305023193
000050 0.4854075312614441
001284 0.48429304361343384
001622 0.48278117179870605
000177 0.48275846242904663
001451 0.4827221632003784
001266 0.47400009632110596
001594 0.4730415344238281
001405 0.4684964120388031
001402 0.46350592374801636
001142 0.4596281349658966
001559 0.45867815613746643
001532 0.45830237865448
001127 0.4572092890739441
001497 0.45588696002960205
000394 0.45424938201904297
001579 0.4538116455078125
000374 0.4511268436908722
001490 0.4484500586986542
000023 0.4467886686325073
001563 0.4462606906890869
001759 0.44578981399536133
001630 0.44463688135147095
001263 0.4387522339820862
000508 0.4376869797706604
000337 0.4370988607406616
001298 0.43686923384666443
000308 0.4339691996574402
000653 0.43090352416038513
000597 0.43052390217781067
000753 0.4286632537841797
001386 0.4262441396713257
000021 0.4252612590789795
001577 0.4240029752254486
000739 0.42114388942718506
000661 0.42070460319519043
001633 0.4203287661075592
001682 0.42020460963249207
001899 0.41780582070350647
001493 0.41401660442352295
001455 0.4121215343475342
001279 0.41196751594543457
001754 0.4115321934223175
001136 0.409580796957016
000684 0.40919071435928345
001176 0.4080390930175781
001214 0.40562355518341064
002004 0.4056084454059601
001350 0.40507131814956665
000249 0.40498805046081543
000328 0.4028080999851227
000229 0.4023119807243347
001797 0.4020346403121948
000349 0.4004994034767151
001097 0.39939528703689575
000760 0.3986557722091675
001137 0.39784935116767883
000902 0.3976810872554779
001650 0.3962925374507904
001480 0.3962068557739258
001079 0.3959389626979828
001901 0.39422398805618286
001727 0.39317673444747925
000726 0.39281123876571655
001151 0.3887193500995636
001590 0.38790029287338257
001259 0.38678690791130066
001842 0.38592836260795593
000138 0.3848525285720825
000147 0.3822367191314697
001468 0.38160833716392517
001113 0.3814873695373535
001536 0.38090407848358154
000923 0.38034525513648987
000889 0.37972885370254517
002022 0.37896794080734253
001526 0.375394731760025
001689 0.3749713599681854
001073 0.37379494309425354
002021 0.37370723485946655
001640 0.3713521361351013
001485 0.3711509704589844
000564 0.37084370851516724
001084 0.3707752525806427
001333 0.369750052690506
001311 0.36831337213516235
001843 0.36748000979423523
001903 0.36525803804397583
001430 0.3617016673088074
001729 0.3612678647041321
000169 0.36060360074043274
001849 0.36045336723327637
000977 0.36007779836654663
001828 0.35822761058807373
000484 0.35817593336105347
001009 0.35513028502464294
000367 0.3550003170967102
000338 0.35477307438850403
001371 0.3547181189060211
000005 0.35374540090560913
000996 0.3526718318462372
002024 0.3523642122745514
001427 0.35129421949386597
001432 0.3510274589061737
000083 0.35079827904701233
001721 0.3507176637649536
001443 0.3499072790145874
001406 0.3495674729347229
001580 0.34858226776123047
001730 0.34659022092819214
001426 0.3449680209159851
001777 0.34437137842178345
001414 0.3439303934574127
001152 0.3425052762031555
000695 0.3423210382461548
000170 0.3408011496067047
000009 0.34058302640914917
000208 0.3386874794960022
001989 0.33576878905296326
001199 0.33443617820739746
001287 0.33311253786087036
001125 0.3325668275356293
001017 0.33180901408195496
001604 0.3317142128944397
000865 0.3309212923049927
001390 0.3297388553619385
000282 0.3294273018836975
000257 0.32774853706359863
001954 0.3273519277572632
000544 0.3271702229976654
000110 0.3264836370944977
000702 0.32641568779945374
001904 0.3263688087463379
001345 0.3253689408302307
001793 0.3244771659374237
000949 0.32389146089553833
001588 0.322773277759552
000880 0.3227487802505493
001940 0.3227197825908661
000052 0.3223385810852051
001071 0.32160302996635437
000523 0.3207077980041504
001330 0.3200669288635254
001272 0.3192812502384186
001036 0.3188643157482147
001614 0.31818991899490356
000830 0.31700053811073303
001384 0.31512850522994995
001409 0.31383299827575684
001229 0.3135480284690857
001450 0.31313201785087585
001112 0.3123597502708435
001936 0.31234055757522583
001434 0.31218278408050537
001780 0.31062328815460205
001964 0.30905312299728394
001593 0.30859625339508057
001932 0.3079451322555542
001299 0.30499666929244995
001174 0.3044414520263672
001171 0.303525447845459
001027 0.3030046224594116
001421 0.30063939094543457
001170 0.298373281955719
001833 0.2977483570575714
001510 0.2975001335144043
000307 0.29688388109207153
001413 0.2951221466064453
000754 0.2946891784667969
001807 0.29412370920181274
000579 0.29163098335266113
001732 0.29154062271118164
001309 0.29144909977912903
001346 0.2912414073944092
001651 0.2911698520183563
000129 0.289498507976532
000545 0.2877802550792694
000645 0.28733566403388977
000446 0.28676027059555054
001221 0.28589585423469543
001725 0.2846778631210327
001109 0.2846386432647705
000073 0.2841201722621918
001673 0.28372129797935486
001149 0.2828364074230194
001860 0.28123602271080017
000710 0.27951860427856445
001101 0.2782343626022339
001288 0.2781587541103363
000078 0.2765881419181824
001603 0.27609261870384216
000285 0.27402234077453613
001836 0.273737370967865
001920 0.2734531760215759
000033 0.2727654278278351
001999 0.27217811346054077
001789 0.27213066816329956
001514 0.27141880989074707
000352 0.270789235830307
001941 0.2699403762817383
001864 0.26913976669311523
001586 0.26772207021713257
001521 0.2659760117530823
001091 0.2645617127418518
001082 0.26421454548835754
001861 0.2628883123397827
001504 0.2614699602127075
001685 0.26137614250183105
000915 0.2605573534965515
001553 0.25953444838523865
001060 0.25929611921310425
000193 0.2574312090873718
001690 0.25710323452949524
001154 0.256147563457489
001980 0.2554320693016052
001733 0.25462523102760315
001292 0.2540912628173828
001211 0.2536511719226837
001182 0.2535567283630371
001531 0.25308549404144287
001385 0.25022193789482117
001387 0.2490009367465973
000051 0.24889037013053894
001460 0.24831707775592804
000848 0.24535484611988068
001343 0.24515387415885925
001069 0.24465015530586243
001187 0.24256068468093872
000554 0.2420351803302765
001611 0.23995646834373474
001484 0.23912449181079865
001930 0.23869991302490234
001881 0.23801948130130768
000331 0.23751100897789001
001717 0.23691010475158691
000709 0.23686575889587402
001024 0.23657935857772827
001194 0.23652474582195282
001254 0.23650315403938293
001185 0.23597699403762817
001050 0.2358989268541336
001684 0.2349710762500763
000077 0.2328597754240036
001678 0.23215322196483612
001501 0.23162484169006348
001130 0.23120707273483276
001750 0.23114903271198273
001529 0.23100179433822632
001537 0.23034793138504028
001524 0.22516998648643494
001723 0.22414276003837585
001945 0.22370627522468567
001102 0.22272221744060516
001148 0.22246693074703217
001056 0.22073286771774292
001554 0.218582421541214
000876 0.21668274700641632
001061 0.21623095870018005
001557 0.2145673930644989
001809 0.21391071379184723
001072 0.21102756261825562
001062 0.2099175751209259
001522 0.20867441594600677
001653 0.20849791169166565
001515 0.20665517449378967
001093 0.20591747760772705
001978 0.20524850487709045
001158 0.20495501160621643
001186 0.20422805845737457
001334 0.20332613587379456
001205 0.2033088505268097
001057 0.20327499508857727
001771 0.2030409574508667
001669 0.20101073384284973
001632 0.20066669583320618
001894 0.20056162774562836
001175 0.20046524703502655
001042 0.2002071887254715
001927 0.20001325011253357
001707 0.19996590912342072
001294 0.19888712465763092
001847 0.1987234205007553
001834 0.1967625617980957
001638 0.1952991783618927
001388 0.19501490890979767
001240 0.1943235546350479
001078 0.19416417181491852
001168 0.1932641565799713
001206 0.1917296051979065
001231 0.19096747040748596
001853 0.19025921821594238
001680 0.19021588563919067
001326 0.19006676971912384
001273 0.1899392008781433
001837 0.1898042857646942
002012 0.1892838478088379
001898 0.1889273077249527
001523 0.18861398100852966
001582 0.18849152326583862
001699 0.1857774704694748
000340 0.1848832666873932
001688 0.18460717797279358
001209 0.18270942568778992
001628 0.1820995807647705
001746 0.18200623989105225
001083 0.18154221773147583
001741 0.1809074878692627
001457 0.1794513612985611
001378 0.17910397052764893
001832 0.17826643586158752
001274 0.17791305482387543
001481 0.17751041054725647
001756 0.17707566916942596
001077 0.17702318727970123
001896 0.17583738267421722
001250 0.17558039724826813
001400 0.17414173483848572
001140 0.17403236031532288
001289 0.17072179913520813
001752 0.1702163815498352
001892 0.17003536224365234
001565 0.1695176064968109
001348 0.1681949496269226
001225 0.16809561848640442
001124 0.1678122580051422
001327 0.16634401679039001
001555 0.1651875376701355
001934 0.1650323122739792
001064 0.1648423969745636
001938 0.16406968235969543
001778 0.16394531726837158
001337 0.1633492261171341
001597 0.16322630643844604
001156 0.16161423921585083
001201 0.16161160171031952
001862 0.16141921281814575
001453 0.15997566282749176
001882 0.15932369232177734
001747 0.1587432324886322
001576 0.1577589213848114
001324 0.155277281999588
001121 0.155037060379982
001810 0.15454646944999695
001677 0.15431322157382965
001556 0.15408912301063538
001268 0.15407106280326843
001011 0.15399494767189026
001144 0.15323412418365479
001726 0.15263080596923828
001845 0.15259939432144165
001483 0.1517397165298462
001647 0.15158338844776154
001092 0.1514955759048462
001995 0.1510109305381775
002023 0.15023452043533325
001442 0.14970630407333374
001755 0.1493673473596573
001110 0.14896053075790405
001161 0.148942232131958
001332 0.14873987436294556
001761 0.14849460124969482
001204 0.14840352535247803
001976 0.14790043234825134
001192 0.1477515697479248
001286 0.14716175198554993
001362 0.1465579867362976
001918 0.14637143909931183
001395 0.14537684619426727
001053 0.14478372037410736
001365 0.14476874470710754
001642 0.1441497802734375
001775 0.1434648185968399
001143 0.14322234690189362
001043 0.14312013983726501
001543 0.14258989691734314
001612 0.14249184727668762
001649 0.14242860674858093
001041 0.14215819537639618
001492 0.14209306240081787
001922 0.1420372724533081
001441 0.14162622392177582
001888 0.14113610982894897
001172 0.13884863257408142
001068 0.1384643316268921
001341 0.13839149475097656
001830 0.1380307525396347
001931 0.13786540925502777
002000 0.13738733530044556
001539 0.1372675746679306
001872 0.1372082382440567
001281 0.136386439204216
001800 0.13634750247001648
001772 0.13595521450042725
001397 0.1359148770570755
001906 0.1343587040901184
001970 0.13367098569869995
001768 0.13335268199443817
001364 0.13325448334217072
001548 0.13310885429382324
001661 0.13221752643585205
001595 0.13133573532104492
001739 0.1302354484796524
001933 0.12999793887138367
001045 0.12854358553886414
001470 0.12808947265148163
001463 0.1275070607662201
001607 0.12742739915847778
001977 0.12732312083244324
001825 0.12705658376216888
001816 0.12698939442634583
001104 0.12682496011257172
001361 0.1266714632511139
001854 0.1264176219701767
001676 0.12629947066307068
001948 0.1261182725429535
001758 0.1259964108467102
001960 0.1252293884754181
001708 0.12439178675413132
002002 0.12401376664638519
001738 0.1239117681980133
001230 0.12298179417848587
001787 0.12219153344631195
001166 0.1221192330121994
001911 0.12118849158287048
001383 0.12114455550909042
001290 0.12039393186569214
001436 0.12024626135826111
001315 0.12016783654689789
001475 0.11989857256412506
001855 0.11964751034975052
001008 0.11950187385082245
001233 0.11935937404632568
001012 0.11907757818698883
001528 0.11835964024066925
001734 0.11818346381187439
001858 0.11795434355735779
001323 0.11749942600727081
001203 0.11738087236881256
001314 0.11669199168682098
001074 0.11593332141637802
001066 0.11528654396533966
001052 0.11519782245159149
001184 0.11518019437789917
001907 0.11473318934440613
001795 0.11417233943939209
001618 0.11372172832489014
001693 0.11323659121990204
001818 0.11267583072185516
001841 0.11213869601488113
001494 0.11160039901733398
001643 0.11123964190483093
001545 0.11065183579921722
001937 0.11054840683937073
001915 0.11050109565258026
001499 0.10979263484477997
001509 0.1096280887722969
001236 0.10820567607879639
001160 0.10757697373628616
001971 0.1070626750588417
001517 0.10684533417224884
001486 0.10621652007102966
001840 0.10574822127819061
001610 0.10382427275180817
001928 0.103443942964077
001821 0.10313332080841064
001226 0.10301275551319122
001277 0.1029960960149765
001765 0.10093306005001068
001418 0.10039757937192917
001541 0.10031295567750931
001360 0.09983785450458527
002020 0.09921874105930328
001010 0.09913626313209534
001675 0.09862571954727173
001981 0.09809684753417969
001147 0.09766867011785507
001466 0.0960315465927124
001260 0.09595376998186111
001962 0.09425592422485352
001724 0.09394199401140213
001467 0.09375680983066559
001258 0.09255993366241455
001544 0.09245854616165161
001972 0.0923498198390007
001875 0.09226969629526138
001784 0.09203536808490753
002011 0.0915054976940155
002019 0.09135736525058746
001782 0.09040835499763489
001636 0.09009365737438202
001718 0.08990801125764847
001237 0.08884673565626144
001785 0.08836601674556732
001215 0.08732014894485474
001107 0.08700638264417648
001982 0.08685801178216934
001304 0.08633990585803986
001662 0.08456659317016602
001265 0.08452075719833374
001375 0.08253845572471619
001269 0.08024713397026062
001627 0.0801575779914856
001119 0.07996903359889984
001952 0.07896944880485535
002006 0.0786333829164505
001827 0.07785646617412567
001488 0.0775451511144638
001479 0.07692520320415497
001686 0.07473384588956833
001270 0.0732707530260086
001293 0.07249896228313446
001316 0.07231427729129791
001404 0.07193513214588165
001608 0.07114112377166748
001877 0.07032299041748047
001200 0.06994639337062836
001191 0.06884349882602692
001878 0.06801213324069977
001713 0.0678243488073349
001985 0.065684974193573
001749 0.06266651302576065
001498 0.060194261372089386
001512 0.05879809707403183
001714 0.058373115956783295
001870 0.05426918342709541
001247 0.052622053772211075
001207 0.05237175151705742
001312 0.05037705600261688
001439 0.04223884269595146
